0 0.706860 0.592938 0.586280 0.814123
0 0.091006 0.595170 0.182012 0.634334
0 0.368445 0.634334 0.307012 0.219156
0 0.386280 0.073661 0.423171 0.147321
0 0.341463 0.849635 0.270122 0.202516
0 0.428506 0.269278 0.241768 0.219562
0 0.852744 0.269075 0.294512 0.174513
0 0.340091 0.451299 0.263720 0.163149
0 0.282470 0.589692 0.157012 0.117695
0 0.114177 0.081981 0.116159 0.137175
0 0.095122 0.963677 0.190244 0.072646
0 0.141159 0.455560 0.063415 0.209821
0 0.074085 0.908482 0.148171 0.089692
0 0.516616 0.950690 0.095427 0.096185
0 0.662805 0.752232 0.081707 0.097808
0 0.987500 0.870536 0.025000 0.258929
0 0.119817 0.235593 0.084146 0.073458
0 0.656098 0.663149 0.106098 0.056006
0 0.141006 0.822240 0.062500 0.088474
0 0.387805 0.931006 0.086585 0.060877
