0 0.803049 0.748985 0.393902 0.502029
0 0.094665 0.633726 0.189329 0.732549
0 0.791311 0.097403 0.417378 0.194805
0 0.394970 0.267045 0.314329 0.220779
0 0.344970 0.858969 0.264329 0.226867
0 0.358079 0.077516 0.358232 0.146104
0 0.852591 0.269075 0.294817 0.174513
0 0.746341 0.609781 0.245732 0.159497
0 0.422713 0.629870 0.182012 0.207792
0 0.320884 0.451705 0.213720 0.160714
0 0.295579 0.589489 0.187500 0.118912
0 0.693445 0.448661 0.152134 0.143263
0 0.795122 0.435877 0.135976 0.142857
0 0.294055 0.674107 0.134451 0.128247
0 0.114024 0.082183 0.116463 0.137581
0 0.910671 0.434659 0.094512 0.150974
0 0.141006 0.455763 0.062500 0.210227
0 0.137348 0.789367 0.077744 0.164773
0 0.532622 0.061688 0.086585 0.115260
0 0.516159 0.949878 0.094512 0.096997
