0 0.500000 0.565341 1.000000 0.869318
0 0.386890 0.074472 0.423171 0.148945
0 0.417988 0.268466 0.270732 0.221185
0 0.852591 0.269278 0.294817 0.174107
0 0.295274 0.454343 0.153354 0.159497
0 0.114177 0.082589 0.116768 0.138393
0 0.631707 0.827516 0.097561 0.131494
0 0.663567 0.752435 0.082622 0.097403
0 0.442683 0.436688 0.084146 0.073864
0 0.112500 0.226461 0.065244 0.086039
0 0.656707 0.666396 0.104268 0.050325
0 0.376677 0.429586 0.075915 0.067776
0 0.630488 0.043425 0.046341 0.073052
0 0.699238 0.258320 0.044817 0.062094
0 0.545274 0.416802 0.038110 0.051948
0 0.678811 0.283482 0.042378 0.045860
0 0.104573 0.164976 0.073171 0.026380
0 0.574085 0.960430 0.021341 0.079140
0 0.155640 0.730925 0.058841 0.028409
0 0.294665 0.467735 0.038720 0.039367
