0 0.801067 0.749188 0.397866 0.501623
0 0.091006 0.595982 0.182012 0.632711
0 0.791463 0.097403 0.417073 0.194805
0 0.383994 0.267451 0.281402 0.218344
0 0.360061 0.080966 0.360976 0.154627
0 0.852591 0.269075 0.294817 0.173701
0 0.776067 0.609578 0.314939 0.159091
0 0.340549 0.839286 0.268902 0.180195
0 0.739177 0.446226 0.266768 0.156250
0 0.325152 0.451705 0.230793 0.161526
0 0.085976 0.271307 0.171951 0.185471
0 0.428049 0.619724 0.168902 0.184253
0 0.922866 0.434456 0.129268 0.153003
0 0.282470 0.589286 0.157012 0.118506
0 0.114177 0.082183 0.116159 0.137581
0 0.074085 0.916193 0.148171 0.101055
0 0.140701 0.456372 0.062500 0.209010
0 0.095274 0.966924 0.190549 0.066153
0 0.516616 0.950487 0.094817 0.095779
0 0.329116 0.672890 0.069817 0.125812
