0 0.806555 0.746347 0.386890 0.507305
0 0.091159 0.634131 0.182317 0.731737
0 0.791616 0.096997 0.416768 0.193994
0 0.343140 0.859578 0.274695 0.225649
0 0.383232 0.267045 0.281707 0.218344
0 0.852896 0.269481 0.294207 0.173701
0 0.350762 0.077110 0.339329 0.144481
0 0.739787 0.439123 0.264329 0.149351
0 0.428201 0.634131 0.169817 0.218750
0 0.296951 0.445414 0.165244 0.148945
0 0.295732 0.589692 0.188415 0.117695
0 0.923780 0.433644 0.125610 0.153003
0 0.113872 0.083401 0.116159 0.140016
0 0.140854 0.455763 0.062805 0.210227
0 0.423323 0.427354 0.133841 0.092532
0 0.980335 0.857549 0.039329 0.284903
0 0.528811 0.060471 0.092988 0.113636
0 0.515396 0.949878 0.094207 0.096185
0 0.324695 0.675731 0.065244 0.132305
0 0.663415 0.752435 0.080488 0.097403
