0 0.805335 0.748782 0.389329 0.502435
0 0.091006 0.587865 0.182012 0.651380
0 0.402134 0.267045 0.342683 0.224838
0 0.342835 0.851664 0.275915 0.209821
0 0.852744 0.268872 0.294512 0.174107
0 0.352896 0.075690 0.344817 0.141640
0 0.429878 0.640828 0.165244 0.232955
0 0.697713 0.446226 0.161280 0.149756
0 0.291159 0.456575 0.142683 0.151786
0 0.280335 0.589286 0.161890 0.117695
0 0.801982 0.438515 0.121037 0.139205
0 0.114177 0.082386 0.116768 0.137987
0 0.930793 0.433442 0.100610 0.155032
0 0.074085 0.909700 0.148171 0.085633
0 0.135976 0.790584 0.073780 0.167208
0 0.081098 0.964894 0.162195 0.070211
0 0.528963 0.061282 0.093902 0.112825
0 0.325915 0.673498 0.080488 0.127029
0 0.516159 0.950487 0.094512 0.095779
0 0.663262 0.752638 0.080183 0.096185
